trained_lambda: 2048, crf : 19,  gop : 5, bpp : 0.26209687984567104, psnr : 40.21305911172492
trained_lambda: 2048, crf : 19,  gop : 10, bpp : 0.15947360429130494, psnr : 40.02954457283818
trained_lambda: 2048, crf : 19,  gop : 5, bpp : 0.26209684976705633, psnr : 40.21305658130907
