trained_lambda: 1024, crf : 23,  gop : 5, bpp : 0.24587117623816776, psnr : 38.64021115553388
trained_lambda: 1024, crf : 23,  gop : 10, bpp : 0.16023192195198788, psnr : 37.827462827834445
